7 6 7 5 4 4 3 2
1 程序设计基础 5 0 0 0
2 离散数学 6 0 1 0
3 数据结构算法 4 0 1 2
4 汇编语言 5 0 1 0
5 算法设计 4 0 3 4
6 计算机组成原理 6 0 0 0
7 微机原理 4 0 3 0
8 单片机应用 3 0 3 0
9 编译原理 5 0 3 0
10 操作系统原理 4 0	3 0
11 数据库原理 5 0 3 0
12 高等数学 6 0 0 0
13 线性代数 6 0 0 0
14 数值分析 6 0 2 0
15 普通物理 4 0 2 0
16 计算机文化 3 0 0 0
17 计算机系统结构 6	 0 6 0
18 计算机网络 5 0 3 0
19 数据通信 6 0 0 0
20 面向对象程序设计 3 0 1 3
21 Java 3 0 1 3
22 C#.net 5 0 1 3
23 PowerBuilder 5 0 1 3
24 VC++ 3 0 1 3
25 ASP程序设计 5 0 1 3
26 JSP程序设计 5 0 1 3
27 VB.net 5 0 1 3
28 Delphi 5 0 1 3
29 C++Builder 5 0 1 3
30 英语 5 1 0 0
31 英语 5 2 0 0
32 英语 5 3 0 0
33 英语 5 4 0 0
34 英语 5 5 0 0
35 英语 5 6 0 0
36 英语 5 7 0 0
37 英语 5 8 0 0
38 大学语文 3 1 0 0